    0.168417     0.184292     0.164509     0.168951     0.163472     0.171949     0.171644    -0.015454    -0.027861    -0.022254    -0.028475    -0.034830    -0.039359    -0.023083    -0.031793     0.017330    -0.015552     0.039654     0.003822    -0.008031    -0.001489    -0.010348    -0.027890    -0.018628    -0.002372    -0.015335    -0.001907    -0.007207    -0.033450    -0.043285    -0.028819    -0.032707    -0.025936    -0.018723    -0.034583    -0.026538    -0.035179    -0.029956    -0.010748    -0.020412    -0.039268    -0.024916    -0.038109    -0.035942    -0.020077    -0.059668    -0.060459    -0.051964    -0.066521    -0.079767    -0.010565     0.014291
    0.184292     0.247780     0.209975     0.205050     0.216910     0.241856     0.211267    -0.030256    -0.038976    -0.035738    -0.041720    -0.048589    -0.057614    -0.039004    -0.050803     0.008437    -0.028799     0.038699    -0.005706    -0.022083    -0.019729    -0.021276    -0.039753    -0.035628    -0.014609    -0.029672    -0.016624     0.001889    -0.029487    -0.043346    -0.024968    -0.033126    -0.025290    -0.014621    -0.033642    -0.025770    -0.033735    -0.031012    -0.006477    -0.011632    -0.040203    -0.030283    -0.037872    -0.034936    -0.013137    -0.070734    -0.083944    -0.060310    -0.085603    -0.074698    -0.001943     0.029069
    0.164509     0.209975     0.245423     0.173665     0.240211     0.244942     0.188051    -0.047379    -0.051079    -0.044635    -0.051641    -0.052607    -0.067606    -0.055489    -0.057380    -0.009181    -0.044460     0.024288    -0.021534    -0.033676    -0.033651    -0.037404    -0.059393    -0.052585    -0.025206    -0.043257    -0.030526    -0.031436    -0.060480    -0.074619    -0.056141    -0.064297    -0.060966    -0.047446    -0.072375    -0.059113    -0.068394    -0.060293    -0.051118    -0.049101    -0.067909    -0.048617    -0.065726    -0.060581    -0.044208    -0.096561    -0.107749    -0.082120    -0.107537    -0.107554    -0.034201    -0.014997
    0.168951     0.205050     0.173665     0.203736     0.171641     0.189884     0.193322    -0.017769    -0.027405    -0.028306    -0.031976    -0.038761    -0.042592    -0.029313    -0.036204     0.016742    -0.017951     0.045430     0.000194    -0.007995    -0.006537    -0.012952    -0.031474    -0.017753    -0.002616    -0.019004    -0.005098    -0.007520    -0.030315    -0.043272    -0.027243    -0.032444    -0.026795    -0.024512    -0.033365    -0.023043    -0.034628    -0.033821    -0.008226    -0.015523    -0.041189    -0.023705    -0.038296    -0.036820    -0.016746    -0.052713    -0.058782    -0.047445    -0.059339    -0.061883    -0.011123     0.008686
    0.163472     0.216910     0.240211     0.171641     0.352359     0.306299     0.192831    -0.050916    -0.064109    -0.054909    -0.061896    -0.060681    -0.081618    -0.072255    -0.072531    -0.024118    -0.056196     0.014253    -0.030899    -0.045394    -0.048271    -0.049907    -0.071580    -0.067813    -0.037270    -0.053701    -0.041236    -0.032998    -0.065323    -0.081620    -0.055618    -0.070345    -0.056694    -0.032570    -0.069861    -0.060030    -0.065597    -0.068708    -0.053424    -0.043768    -0.072340    -0.058784    -0.066997    -0.068248    -0.045558    -0.101452    -0.112282    -0.078335    -0.134558    -0.107898    -0.016885    -0.026269
    0.171949     0.241856     0.244942     0.189884     0.306299     0.450201     0.203346    -0.040146    -0.049688    -0.049826    -0.054933    -0.059005    -0.070031    -0.060289    -0.061503    -0.009314    -0.045636     0.033590    -0.021849    -0.032570    -0.031557    -0.040252    -0.056231    -0.045332    -0.025682    -0.047480    -0.028414    -0.009274    -0.047559    -0.069442    -0.039321    -0.053932    -0.040573    -0.033446    -0.053769    -0.047824    -0.048023    -0.057994    -0.029064    -0.025662    -0.061172    -0.046233    -0.048118    -0.055083    -0.026901    -0.075744    -0.083046    -0.065678    -0.114127    -0.047144    -0.014895    -0.005498
    0.171644     0.211267     0.188051     0.193322     0.192831     0.203346     0.208054    -0.031264    -0.043028    -0.039294    -0.044019    -0.050618    -0.058490    -0.043034    -0.050154     0.007564    -0.029701     0.038379    -0.006707    -0.020573    -0.019287    -0.027071    -0.044248    -0.034484    -0.013089    -0.032928    -0.018877    -0.013914    -0.043506    -0.055123    -0.038611    -0.047278    -0.038446    -0.031620    -0.048182    -0.036201    -0.046705    -0.043330    -0.019849    -0.027016    -0.054116    -0.034807    -0.048644    -0.046912    -0.027837    -0.066448    -0.073470    -0.058262    -0.083355    -0.083044    -0.014296     0.003379
   -0.015454    -0.030256    -0.047379    -0.017769    -0.050916    -0.040146    -0.031264     0.117748     0.124391     0.116984     0.114909     0.119653     0.117086     0.124527     0.113865     0.085490     0.103747     0.066422     0.088366     0.091949     0.090953     0.086456     0.065638     0.096017     0.081578     0.087473     0.089194     0.019027     0.013259     0.025117     0.019994     0.028109     0.025630     0.013534     0.024425     0.027823     0.027369     0.030419     0.019462     0.034082     0.020211     0.064280     0.016886     0.038247     0.023429     0.039383     0.044389     0.041148     0.044940     0.071195     0.038573     0.041431
   -0.027861    -0.038976    -0.051079    -0.027405    -0.064109    -0.049688    -0.043028     0.124391     0.169781     0.142312     0.146080     0.151968     0.147302     0.154102     0.142966     0.099802     0.120672     0.080652     0.103803     0.107301     0.099813     0.097009     0.073325     0.109505     0.095331     0.102129     0.099236     0.023426     0.017389     0.030610     0.018369     0.026396     0.019574     0.005667     0.020747     0.021832     0.024865     0.030594     0.018493     0.033854     0.022964     0.077582     0.015885     0.045186     0.027099     0.025034     0.015941     0.022828     0.016675     0.054618     0.026820     0.040347
   -0.022254    -0.035738    -0.044635    -0.028306    -0.054909    -0.049826    -0.039294     0.116984     0.142312     0.146626     0.132865     0.137953     0.131397     0.145456     0.130359     0.093290     0.114280     0.073101     0.097374     0.097219     0.094203     0.087099     0.069839     0.097733     0.084256     0.092422     0.092179     0.013364     0.004446     0.020405     0.009866     0.019310     0.011665     0.006992     0.012026     0.016178     0.014950     0.025868     0.008812     0.021934     0.010218     0.063841     0.008386     0.039194     0.013121     0.022801     0.019413     0.027592     0.028282     0.057390     0.042766     0.035073
   -0.028475    -0.041720    -0.051641    -0.031976    -0.061896    -0.054933    -0.044019     0.114909     0.146080     0.132865     0.141951     0.140906     0.134512     0.144057     0.133855     0.090403     0.112440     0.072856     0.096642     0.095401     0.092881     0.087314     0.068331     0.097895     0.084624     0.092728     0.087956     0.017436     0.011445     0.028328     0.015089     0.025018     0.016043     0.008023     0.016072     0.018497     0.021174     0.028143     0.012992     0.026656     0.017928     0.068126     0.014163     0.040579     0.020190     0.015337     0.003232     0.020311     0.006994     0.034691     0.034251     0.031572
   -0.034830    -0.048589    -0.052607    -0.038761    -0.060681    -0.059005    -0.050618     0.119653     0.151968     0.137953     0.140906     0.161877     0.142418     0.143792     0.140228     0.089353     0.114829     0.069848     0.097856     0.102078     0.098755     0.091426     0.067542     0.106000     0.088345     0.102105     0.094210     0.010921     0.005858     0.019950     0.006880     0.018121     0.008021     0.004031     0.005004     0.009803     0.017696     0.021675     0.001751     0.020544     0.011170     0.069227     0.007734     0.041498     0.014971     0.021841     0.018724     0.028356     0.014662     0.050287     0.033285     0.041966
   -0.039359    -0.057614    -0.067606    -0.042592    -0.081618    -0.070031    -0.058490     0.117086     0.147302     0.131397     0.134512     0.142418     0.151083     0.138537     0.134348     0.087332     0.110164     0.063236     0.091519     0.102437     0.096607     0.094678     0.077875     0.113689     0.090196     0.100438     0.097030     0.024360     0.026822     0.040051     0.026709     0.036128     0.030675     0.018649     0.030464     0.030081     0.036800     0.039548     0.024595     0.037284     0.034830     0.077299     0.025197     0.053530     0.031727     0.043054     0.040686     0.036320     0.038239     0.076575     0.030508     0.045250
   -0.023083    -0.039004    -0.055489    -0.029313    -0.072255    -0.060289    -0.043034     0.124527     0.154102     0.145456     0.144057     0.143792     0.138537     0.172112     0.139574     0.102491     0.125303     0.084605     0.106972     0.102194     0.100245     0.094479     0.073928     0.101479     0.090451     0.096707     0.096087     0.017833     0.007859     0.027865     0.012566     0.023948     0.016674     0.010779     0.021357     0.019954     0.020671     0.031121     0.011497     0.022283     0.015574     0.067885     0.011137     0.036540     0.017182     0.013169     0.008712     0.022808     0.018268     0.036797     0.030055     0.043663
   -0.031793    -0.050803    -0.057380    -0.036204    -0.072531    -0.061503    -0.050154     0.113865     0.142966     0.130359     0.133855     0.140228     0.134348     0.139574     0.151997     0.091065     0.113885     0.070262     0.096252     0.102782     0.098572     0.089836     0.071257     0.109147     0.089033     0.099068     0.094674     0.016250     0.012753     0.026673     0.016279     0.025454     0.017811     0.009192     0.015569     0.019262     0.024334     0.028319     0.015865     0.025510     0.019343     0.069029     0.015027     0.041092     0.021244     0.021153     0.018817     0.026763     0.019117     0.039382     0.044260     0.051982
    0.017330     0.008437    -0.009181     0.016742    -0.024118    -0.009314     0.007564     0.085490     0.099802     0.093290     0.090403     0.089353     0.087332     0.102491     0.091065     0.095746     0.092270     0.071726     0.084211     0.074461     0.074762     0.063917     0.048847     0.074246     0.069299     0.065916     0.070053     0.012673     0.002786     0.014436     0.009046     0.012501     0.011321     0.000432     0.011882     0.015914     0.008299     0.020356     0.015123     0.021323     0.006118     0.048497     0.008047     0.023061     0.011216     0.006749     0.003179     0.009596     0.010177     0.029838     0.023293     0.025328
   -0.015552    -0.028799    -0.044460    -0.017951    -0.056196    -0.045636    -0.029701     0.103747     0.120672     0.114280     0.112440     0.114829     0.110164     0.125303     0.113885     0.092270     0.117152     0.071892     0.093295     0.088428     0.088848     0.079285     0.062909     0.091499     0.079690     0.083579     0.081470     0.016747     0.011504     0.026325     0.016523     0.022284     0.019382     0.018656     0.019774     0.020825     0.019217     0.028919     0.016461     0.028460     0.017807     0.059653     0.014899     0.030849     0.018442     0.017855     0.014995     0.024041     0.027736     0.047529     0.033022     0.026974
    0.039654     0.038699     0.024288     0.045430     0.014253     0.033590     0.038379     0.066422     0.080652     0.073101     0.072856     0.069848     0.063236     0.084605     0.070262     0.071726     0.071892     0.087027     0.066680     0.058134     0.054981     0.045053     0.030992     0.053409     0.054180     0.047716     0.051997     0.007753    -0.010447    -0.002837    -0.004723    -0.004788    -0.004689    -0.015566    -0.006143    -0.000042    -0.007570     0.001570    -0.000227     0.008495    -0.007676     0.031136    -0.008296     0.000406    -0.001039    -0.017028    -0.023428    -0.008904    -0.014552    -0.006621     0.022191     0.023041
    0.003822    -0.005706    -0.021534     0.000194    -0.030899    -0.021849    -0.006707     0.088366     0.103803     0.097374     0.096642     0.097856     0.091519     0.106972     0.096252     0.084211     0.093295     0.066680     0.092114     0.076090     0.076049     0.069153     0.050084     0.075111     0.068919     0.073984     0.070888     0.018067     0.004870     0.019325     0.012613     0.017956     0.013911     0.006817     0.012689     0.015720     0.016063     0.023709     0.013649     0.024923     0.011314     0.051075     0.009973     0.027411     0.017195     0.008314     0.003185     0.015136     0.004222     0.031326     0.031164     0.030920
   -0.008031    -0.022083    -0.033676    -0.007995    -0.045394    -0.032570    -0.020573     0.091949     0.107301     0.097219     0.095401     0.102078     0.102437     0.102194     0.102782     0.074461     0.088428     0.058134     0.076090     0.109560     0.093024     0.085878     0.063911     0.104403     0.089935     0.094207     0.095873     0.024776     0.018461     0.024836     0.019401     0.019613     0.027704     0.019493     0.018190     0.023305     0.027073     0.026615     0.026370     0.033325     0.026078     0.065656     0.012227     0.034945     0.024527     0.033336     0.031060     0.026786     0.029632     0.071318     0.034657     0.045212
   -0.001489    -0.019729    -0.033651    -0.006537    -0.048271    -0.031557    -0.019287     0.090953     0.099813     0.094203     0.092881     0.098755     0.096607     0.100245     0.098572     0.074762     0.088848     0.054981     0.076049     0.093024     0.099625     0.081967     0.064730     0.101271     0.083409     0.088528     0.089228     0.028744     0.024109     0.029641     0.025448     0.028693     0.034087     0.032510     0.027012     0.029556     0.032118     0.033646     0.033569     0.033763     0.029637     0.062070     0.018835     0.039956     0.029014     0.026489     0.028181     0.025300     0.030235     0.049296     0.036109     0.045315
   -0.010348    -0.021276    -0.037404    -0.012952    -0.049907    -0.040252    -0.027071     0.086456     0.097009     0.087099     0.087314     0.091426     0.094678     0.094479     0.089836     0.063917     0.079285     0.045053     0.069153     0.085878     0.081967     0.100066     0.068623     0.101566     0.077905     0.090701     0.088353     0.044429     0.043766     0.051893     0.046907     0.052049     0.057831     0.039736     0.051754     0.050149     0.055626     0.052001     0.048737     0.058186     0.054523     0.074784     0.036058     0.055386     0.048800     0.055457     0.052835     0.047107     0.057800     0.096058     0.045000     0.064353
   -0.027890    -0.039753    -0.059393    -0.031474    -0.071580    -0.056231    -0.044248     0.065638     0.073325     0.069839     0.068331     0.067542     0.077875     0.073928     0.071257     0.048847     0.062909     0.030992     0.050084     0.063911     0.064730     0.068623     0.083092     0.081758     0.057758     0.068247     0.064526     0.069410     0.075705     0.079981     0.078930     0.077386     0.086028     0.072535     0.088927     0.076699     0.077468     0.077116     0.085661     0.081068     0.084711     0.069054     0.067722     0.079215     0.073883     0.068848     0.065339     0.050403     0.069967     0.101019     0.066439     0.071400
   -0.018628    -0.035628    -0.052585    -0.017753    -0.067813    -0.045332    -0.034484     0.096017     0.109505     0.097733     0.097895     0.106000     0.113689     0.101479     0.109147     0.074246     0.091499     0.053409     0.075111     0.104403     0.101271     0.101566     0.081758     0.170906     0.093654     0.104715     0.104967     0.052484     0.052967     0.058320     0.053006     0.053373     0.064481     0.051877     0.056472     0.057927     0.063520     0.057184     0.066802     0.062723     0.062617     0.090030     0.043075     0.067729     0.055249     0.052162     0.062726     0.040354     0.057157     0.088694     0.050514     0.064924
   -0.002372    -0.014609    -0.025206    -0.002616    -0.037270    -0.025682    -0.013089     0.081578     0.095331     0.084256     0.084624     0.088345     0.090196     0.090451     0.089033     0.069299     0.079690     0.054180     0.068919     0.089935     0.083409     0.077905     0.057758     0.093654     0.089041     0.080710     0.085715     0.029344     0.025519     0.028430     0.024550     0.023694     0.033064     0.022688     0.024239     0.027959     0.030836     0.028919     0.030374     0.032785     0.030827     0.061764     0.017113     0.033638     0.026923     0.022623     0.023087     0.017364     0.018674     0.048648     0.032098     0.045260
   -0.015335    -0.029672    -0.043257    -0.019004    -0.053701    -0.047480    -0.032928     0.087473     0.102129     0.092422     0.092728     0.102105     0.100438     0.096707     0.099068     0.065916     0.083579     0.047716     0.073984     0.094207     0.088528     0.090701     0.068247     0.104715     0.080710     0.107206     0.092560     0.041262     0.038573     0.045715     0.039356     0.041751     0.046987     0.041745     0.042277     0.040547     0.050924     0.046780     0.042857     0.051938     0.049999     0.072732     0.030543     0.054365     0.045451     0.039422     0.036077     0.033523     0.037352     0.075160     0.045835     0.064261
   -0.001907    -0.016624    -0.030526    -0.005098    -0.041236    -0.028414    -0.018877     0.089194     0.099236     0.092179     0.087956     0.094210     0.097030     0.096087     0.094674     0.070053     0.081470     0.051997     0.070888     0.095873     0.089228     0.088353     0.064526     0.104967     0.085715     0.092560     0.104094     0.030474     0.025250     0.030114     0.026736     0.029756     0.038184     0.026951     0.028676     0.034513     0.038320     0.035127     0.032524     0.039026     0.033016     0.067341     0.019034     0.043305     0.032573     0.035889     0.040767     0.032210     0.039045     0.075165     0.036980     0.053457
   -0.007207     0.001889    -0.031436    -0.007520    -0.032998    -0.009274    -0.013914     0.019027     0.023426     0.013364     0.017436     0.010921     0.024360     0.017833     0.016250     0.012673     0.016747     0.007753     0.018067     0.024776     0.028744     0.044429     0.069410     0.052484     0.029344     0.041262     0.030474     0.152091     0.145745     0.123807     0.142546     0.123897     0.148157     0.136731     0.158997     0.123728     0.135868     0.113669     0.161736     0.131903     0.149904     0.067611     0.115137     0.106694     0.135013     0.073736     0.071966     0.039651     0.055604     0.098348     0.113330     0.130203
   -0.033450    -0.029487    -0.060480    -0.030315    -0.065323    -0.047559    -0.043506     0.013259     0.017389     0.004446     0.011445     0.005858     0.026822     0.007859     0.012753     0.002786     0.011504    -0.010447     0.004870     0.018461     0.024109     0.043766     0.075705     0.052967     0.025519     0.038573     0.025250     0.145745     0.183616     0.146826     0.163254     0.143176     0.167686     0.149034     0.189248     0.143822     0.150851     0.133417     0.179358     0.144800     0.178652     0.073710     0.135327     0.121451     0.148232     0.095054     0.084566     0.052893     0.093251     0.106827     0.111107     0.123360
   -0.043285    -0.043346    -0.074619    -0.043272    -0.081620    -0.069442    -0.055123     0.025117     0.030610     0.020405     0.028328     0.019950     0.040051     0.027865     0.026673     0.014436     0.026325    -0.002837     0.019325     0.024836     0.029641     0.051893     0.079981     0.058320     0.028430     0.045715     0.030114     0.123807     0.146826     0.160048     0.149765     0.140840     0.156548     0.131266     0.167989     0.138307     0.141250     0.133834     0.151182     0.141949     0.161163     0.081558     0.131191     0.124628     0.136373     0.094514     0.071345     0.061091     0.091432     0.133299     0.092641     0.099495
   -0.028819    -0.024968    -0.056141    -0.027243    -0.055618    -0.039321    -0.038611     0.019994     0.018369     0.009866     0.015089     0.006880     0.026709     0.012566     0.016279     0.009046     0.016523    -0.004723     0.012613     0.019401     0.025448     0.046907     0.078930     0.053006     0.024550     0.039356     0.026736     0.142546     0.163254     0.149765     0.170549     0.149319     0.172207     0.144219     0.186960     0.149450     0.152731     0.137379     0.175718     0.154917     0.173652     0.076680     0.138010     0.125928     0.150277     0.102439     0.093444     0.063707     0.097792     0.131064     0.121418     0.122803
   -0.032707    -0.033126    -0.064297    -0.032444    -0.070345    -0.053932    -0.047278     0.028109     0.026396     0.019310     0.025018     0.018121     0.036128     0.023948     0.025454     0.012501     0.022284    -0.004788     0.017956     0.019613     0.028693     0.052049     0.077386     0.053373     0.023694     0.041751     0.029756     0.123897     0.143176     0.140840     0.149319     0.155409     0.157037     0.127681     0.165498     0.138500     0.145369     0.128598     0.152863     0.137630     0.155537     0.073294     0.131193     0.122946     0.135745     0.106181     0.105996     0.073428     0.108779     0.133389     0.110074     0.109886
   -0.025936    -0.025290    -0.060966    -0.026795    -0.056694    -0.040573    -0.038446     0.025630     0.019574     0.011665     0.016043     0.008021     0.030675     0.016674     0.017811     0.011321     0.019382    -0.004689     0.013911     0.027704     0.034087     0.057831     0.086028     0.064481     0.033064     0.046987     0.038184     0.148157     0.167686     0.156548     0.172207     0.157037     0.194043     0.156870     0.194474     0.158096     0.164030     0.144553     0.184818     0.162353     0.182033     0.083441     0.143437     0.131568     0.156639     0.115553     0.114682     0.072695     0.111762     0.155007     0.127250     0.133008
   -0.018723    -0.014621    -0.047446    -0.024512    -0.032570    -0.033446    -0.031620     0.013534     0.005667     0.006992     0.008023     0.004031     0.018649     0.010779     0.009192     0.000432     0.018656    -0.015566     0.006817     0.019493     0.032510     0.039736     0.072535     0.051877     0.022688     0.041745     0.026951     0.136731     0.149034     0.131266     0.144219     0.127681     0.156870     0.208152     0.172812     0.126054     0.148561     0.119443     0.164892     0.127585     0.157556     0.053306     0.118260     0.111224     0.136799     0.061864     0.056620     0.037316     0.053825     0.072809     0.100888     0.097077
   -0.034583    -0.033642    -0.072375    -0.033365    -0.069861    -0.053769    -0.048182     0.024425     0.020747     0.012026     0.016072     0.005004     0.030464     0.021357     0.015569     0.011882     0.019774    -0.006143     0.012689     0.018190     0.027012     0.051754     0.088927     0.056472     0.024239     0.042277     0.028676     0.158997     0.189248     0.167989     0.186960     0.165498     0.194474     0.172812     0.238219     0.170201     0.174666     0.152081     0.207960     0.170844     0.196585     0.080713     0.152201     0.138726     0.168616     0.113825     0.099078     0.068159     0.105789     0.142513     0.118229     0.125471
   -0.026538    -0.025770    -0.059113    -0.023043    -0.060030    -0.047824    -0.036201     0.027823     0.021832     0.016178     0.018497     0.009803     0.030081     0.019954     0.019262     0.015914     0.020825    -0.000042     0.015720     0.023305     0.029556     0.050149     0.076699     0.057927     0.027959     0.040547     0.034513     0.123728     0.143822     0.138307     0.149450     0.138500     0.158096     0.126054     0.170201     0.152955     0.140504     0.128718     0.156329     0.141983     0.153303     0.074572     0.128695     0.121256     0.134813     0.107099     0.098176     0.073703     0.114322     0.137216     0.110947     0.106305
   -0.035179    -0.033735    -0.068394    -0.034628    -0.065597    -0.048023    -0.046705     0.027369     0.024865     0.014950     0.021174     0.017696     0.036800     0.020671     0.024334     0.008299     0.019217    -0.007570     0.016063     0.027073     0.032118     0.055626     0.077468     0.063520     0.030836     0.050924     0.038320     0.135868     0.150851     0.141250     0.152731     0.145369     0.164030     0.148561     0.174666     0.140504     0.174073     0.126912     0.163539     0.140321     0.163457     0.074239     0.130307     0.123485     0.144250     0.097653     0.095979     0.061100     0.090126     0.129698     0.121998     0.132215
   -0.029956    -0.031012    -0.060293    -0.033821    -0.068708    -0.057994    -0.043330     0.030419     0.030594     0.025868     0.028143     0.021675     0.039548     0.031121     0.028319     0.020356     0.028919     0.001570     0.023709     0.026615     0.033646     0.052001     0.077116     0.057184     0.028919     0.046780     0.035127     0.113669     0.133417     0.133834     0.137379     0.128598     0.144553     0.119443     0.152081     0.128718     0.126912     0.140303     0.135964     0.132937     0.147351     0.075749     0.121527     0.118443     0.127239     0.095207     0.088676     0.065521     0.103212     0.118367     0.092847     0.103090
   -0.010748    -0.006477    -0.051118    -0.008226    -0.053424    -0.029064    -0.019849     0.019462     0.018493     0.008812     0.012992     0.001751     0.024595     0.011497     0.015865     0.015123     0.016461    -0.000227     0.013649     0.026370     0.033569     0.048737     0.085661     0.066802     0.030374     0.042857     0.032524     0.161736     0.179358     0.151182     0.175718     0.152863     0.184818     0.164892     0.207960     0.156329     0.163539     0.135964     0.223638     0.163264     0.181998     0.077385     0.139291     0.128982     0.161145     0.103050     0.089556     0.055656     0.082506     0.132839     0.134758     0.138898
   -0.020412    -0.011632    -0.049101    -0.015523    -0.043768    -0.025662    -0.027016     0.034082     0.033854     0.021934     0.026656     0.020544     0.037284     0.022283     0.025510     0.021323     0.028460     0.008495     0.024923     0.033325     0.033763     0.058186     0.081068     0.062723     0.032785     0.051938     0.039026     0.131903     0.144800     0.141949     0.154917     0.137630     0.162353     0.127585     0.170844     0.141983     0.140321     0.132937     0.163264     0.172661     0.160210     0.083352     0.130544     0.122972     0.148202     0.119033     0.109716     0.079035     0.104175     0.180442     0.108525     0.111899
   -0.039268    -0.040203    -0.067909    -0.041189    -0.072340    -0.061172    -0.054116     0.020211     0.022964     0.010218     0.017928     0.011170     0.034830     0.015574     0.019343     0.006118     0.017807    -0.007676     0.011314     0.026078     0.029637     0.054523     0.084711     0.062617     0.030827     0.049999     0.033016     0.149904     0.178652     0.161163     0.173652     0.155537     0.182033     0.157556     0.196585     0.153303     0.163457     0.147351     0.181998     0.160210     0.201090     0.083354     0.144947     0.131477     0.159328     0.101643     0.090969     0.056724     0.098937     0.117339     0.109691     0.120714
   -0.024916    -0.030283    -0.048617    -0.023705    -0.058784    -0.046233    -0.034807     0.064280     0.077582     0.063841     0.068126     0.069227     0.077299     0.067885     0.069029     0.048497     0.059653     0.031136     0.051075     0.065656     0.062070     0.074784     0.069054     0.090030     0.061764     0.072732     0.067341     0.067611     0.073710     0.081558     0.076680     0.073294     0.083441     0.053306     0.080713     0.074572     0.074239     0.075749     0.077385     0.083352     0.083354     0.090707     0.065493     0.077873     0.074510     0.064898     0.058093     0.044410     0.061834     0.112079     0.054189     0.073968
   -0.038109    -0.037872    -0.065726    -0.038296    -0.066997    -0.048118    -0.048644     0.016886     0.015885     0.008386     0.014163     0.007734     0.025197     0.011137     0.015027     0.008047     0.014899    -0.008296     0.009973     0.012227     0.018835     0.036058     0.067722     0.043075     0.017113     0.030543     0.019034     0.115137     0.135327     0.131191     0.138010     0.131193     0.143437     0.118260     0.152201     0.128695     0.130307     0.121527     0.139291     0.130544     0.144947     0.065493     0.136242     0.114320     0.125992     0.103271     0.107596     0.068228     0.100978     0.133541     0.096298     0.093488
   -0.035942    -0.034936    -0.060581    -0.036820    -0.068248    -0.055083    -0.046912     0.038247     0.045186     0.039194     0.040579     0.041498     0.053530     0.036540     0.041092     0.023061     0.030849     0.000406     0.027411     0.034945     0.039956     0.055386     0.079215     0.067729     0.033638     0.054365     0.043305     0.106694     0.121451     0.124628     0.125928     0.122946     0.131568     0.111224     0.138726     0.121256     0.123485     0.118443     0.128982     0.122972     0.131477     0.077873     0.114320     0.137678     0.118178     0.096679     0.088673     0.065298     0.088547     0.135744     0.093106     0.095837
   -0.020077    -0.013137    -0.044208    -0.016746    -0.045558    -0.026901    -0.027837     0.023429     0.027099     0.013121     0.020190     0.014971     0.031727     0.017182     0.021244     0.011216     0.018442    -0.001039     0.017195     0.024527     0.029014     0.048800     0.073883     0.055249     0.026923     0.045451     0.032573     0.135013     0.148232     0.136373     0.150277     0.135745     0.156639     0.136799     0.168616     0.134813     0.144250     0.127239     0.161145     0.148202     0.159328     0.074510     0.125992     0.118178     0.159597     0.102271     0.098778     0.062632     0.083957     0.140001     0.092950     0.108627
   -0.059668    -0.070734    -0.096561    -0.052713    -0.101452    -0.075744    -0.066448     0.039383     0.025034     0.022801     0.015337     0.021841     0.043054     0.013169     0.021153     0.006749     0.017855    -0.017028     0.008314     0.033336     0.026489     0.055457     0.068848     0.052162     0.022623     0.039422     0.035889     0.073736     0.095054     0.094514     0.102439     0.106181     0.115553     0.061864     0.113825     0.107099     0.097653     0.095207     0.103050     0.119033     0.101643     0.064898     0.103271     0.096679     0.102271     0.281171     0.309986     0.207578     0.276172     0.385155     0.069705     0.075666
   -0.060459    -0.083944    -0.107749    -0.058782    -0.112282    -0.083046    -0.073470     0.044389     0.015941     0.019413     0.003232     0.018724     0.040686     0.008712     0.018817     0.003179     0.014995    -0.023428     0.003185     0.031060     0.028181     0.052835     0.065339     0.062726     0.023087     0.036077     0.040767     0.071966     0.084566     0.071345     0.093444     0.105996     0.114682     0.056620     0.099078     0.098176     0.095979     0.088676     0.089556     0.109716     0.090969     0.058093     0.107596     0.088673     0.098778     0.309986     0.476554     0.235292     0.315499     0.432873     0.055904     0.088498
   -0.051964    -0.060310    -0.082120    -0.047445    -0.078335    -0.065678    -0.058262     0.041148     0.022828     0.027592     0.020311     0.028356     0.036320     0.022808     0.026763     0.009596     0.024041    -0.008904     0.015136     0.026786     0.025300     0.047107     0.050403     0.040354     0.017364     0.033523     0.032210     0.039651     0.052893     0.061091     0.063707     0.073428     0.072695     0.037316     0.068159     0.073703     0.061100     0.065521     0.055656     0.079035     0.056724     0.044410     0.068228     0.065298     0.062632     0.207578     0.235292     0.193176     0.227163     0.292348     0.062095     0.064617
   -0.066521    -0.085603    -0.107537    -0.059339    -0.134558    -0.114127    -0.083355     0.044940     0.016675     0.028282     0.006994     0.014662     0.038239     0.018268     0.019117     0.010177     0.027736    -0.014552     0.004222     0.029632     0.030235     0.057800     0.069967     0.057157     0.018674     0.037352     0.039045     0.055604     0.093251     0.091432     0.097792     0.108779     0.111762     0.053825     0.105789     0.114322     0.090126     0.103212     0.082506     0.104175     0.098937     0.061834     0.100978     0.088547     0.083957     0.276172     0.315499     0.227163     0.409576     0.388131     0.102979     0.099500
   -0.079767    -0.074698    -0.107554    -0.061883    -0.107898    -0.047144    -0.083044     0.071195     0.054618     0.057390     0.034691     0.050287     0.076575     0.036797     0.039382     0.029838     0.047529    -0.006621     0.031326     0.071318     0.049296     0.096058     0.101019     0.088694     0.048648     0.075160     0.075165     0.098348     0.106827     0.133299     0.131064     0.133389     0.155007     0.072809     0.142513     0.137216     0.129698     0.118367     0.132839     0.180442     0.117339     0.112079     0.133541     0.135744     0.140001     0.385155     0.432873     0.292348     0.388131     0.759439     0.112484     0.141236
   -0.010565    -0.001943    -0.034201    -0.011123    -0.016885    -0.014895    -0.014296     0.038573     0.026820     0.042766     0.034251     0.033285     0.030508     0.030055     0.044260     0.023293     0.033022     0.022191     0.031164     0.034657     0.036109     0.045000     0.066439     0.050514     0.032098     0.045835     0.036980     0.113330     0.111107     0.092641     0.121418     0.110074     0.127250     0.100888     0.118229     0.110947     0.121998     0.092847     0.134758     0.108525     0.109691     0.054189     0.096298     0.093106     0.092950     0.069705     0.055904     0.062095     0.102979     0.112484     0.353086     0.276981
    0.014291     0.029069    -0.014997     0.008686    -0.026269    -0.005498     0.003379     0.041431     0.040347     0.035073     0.031572     0.041966     0.045250     0.043663     0.051982     0.025328     0.026974     0.023041     0.030920     0.045212     0.045315     0.064353     0.071400     0.064924     0.045260     0.064261     0.053457     0.130203     0.123360     0.099495     0.122803     0.109886     0.133008     0.097077     0.125471     0.106305     0.132215     0.103090     0.138898     0.111899     0.120714     0.073968     0.093488     0.095837     0.108627     0.075666     0.088498     0.064617     0.099500     0.141236     0.276981     0.438380
