    0.174646     0.185423     0.172306     0.175072     0.173300     0.178768     0.176175    -0.019643    -0.032011    -0.026570    -0.030385    -0.038027    -0.043965    -0.025740    -0.037949     0.015571    -0.018560     0.039880     0.002861    -0.010174    -0.004208    -0.012489    -0.030746    -0.019837    -0.004311    -0.018299    -0.003511    -0.006922    -0.039338    -0.046481    -0.030519    -0.034903    -0.028683    -0.022575    -0.035706    -0.027924    -0.035621    -0.033852    -0.015425    -0.023909    -0.040642    -0.028185    -0.039379    -0.037684    -0.019135    -0.065064    -0.066598    -0.054197    -0.073178    -0.090283    -0.006365     0.017959
    0.185423     0.244219     0.213338     0.207500     0.222654     0.242958     0.212459    -0.036040    -0.043997    -0.041775    -0.045589    -0.052895    -0.063248    -0.043461    -0.059931     0.005524    -0.033923     0.037650    -0.007821    -0.025551    -0.023969    -0.024698    -0.043440    -0.039635    -0.017541    -0.034882    -0.020041     0.001462    -0.035485    -0.045714    -0.026928    -0.037986    -0.027341    -0.018076    -0.035050    -0.027986    -0.034400    -0.036147    -0.011808    -0.014666    -0.040956    -0.034587    -0.038741    -0.036929    -0.012978    -0.070717    -0.086662    -0.060745    -0.090127    -0.082142     0.003549     0.033127
    0.172306     0.213338     0.255787     0.181958     0.254204     0.252938     0.194800    -0.049724    -0.053234    -0.047942    -0.051803    -0.053774    -0.070568    -0.057038    -0.060682    -0.009247    -0.046034     0.026784    -0.020197    -0.033985    -0.034858    -0.037408    -0.060555    -0.052515    -0.026807    -0.045474    -0.031265    -0.029689    -0.064939    -0.075074    -0.056873    -0.067357    -0.061416    -0.049884    -0.071737    -0.059427    -0.067563    -0.064809    -0.054568    -0.049981    -0.066961    -0.049198    -0.065441    -0.062324    -0.042322    -0.099006    -0.112844    -0.083817    -0.113261    -0.117922    -0.029126    -0.009200
    0.175072     0.207500     0.181958     0.210705     0.183944     0.196839     0.199055    -0.022925    -0.032574    -0.033474    -0.034617    -0.042988    -0.048976    -0.033422    -0.044711     0.014516    -0.022081     0.046196    -0.000980    -0.011379    -0.009726    -0.015268    -0.035266    -0.020868    -0.005336    -0.023191    -0.008068    -0.007527    -0.035061    -0.046416    -0.028841    -0.036517    -0.029443    -0.028467    -0.034576    -0.025771    -0.036604    -0.038675    -0.012217    -0.018500    -0.042971    -0.028871    -0.040219    -0.040474    -0.017779    -0.058153    -0.066615    -0.049349    -0.068725    -0.075712    -0.008113     0.012408
    0.173300     0.222654     0.254204     0.183944     0.372725     0.319149     0.202344    -0.052129    -0.064078    -0.055868    -0.058709    -0.059590    -0.081991    -0.070723    -0.075005    -0.020850    -0.055695     0.018666    -0.026979    -0.044067    -0.046984    -0.046847    -0.069811    -0.066729    -0.035544    -0.053514    -0.040618    -0.027467    -0.067112    -0.077868    -0.052750    -0.071504    -0.054918    -0.030166    -0.065027    -0.058016    -0.061600    -0.069686    -0.052018    -0.040858    -0.068591    -0.057030    -0.065375    -0.068465    -0.041923    -0.101167    -0.112335    -0.075299    -0.136625    -0.114731    -0.008248    -0.018925
    0.178768     0.242958     0.252938     0.196839     0.319149     0.451878     0.207867    -0.043043    -0.054519    -0.053942    -0.056702    -0.060498    -0.075107    -0.063887    -0.066482    -0.011051    -0.048871     0.032368    -0.021745    -0.034764    -0.034774    -0.041940    -0.059065    -0.047108    -0.028761    -0.052355    -0.030679    -0.005790    -0.053630    -0.068825    -0.040246    -0.055540    -0.042203    -0.033236    -0.054828    -0.049674    -0.051189    -0.063656    -0.034378    -0.025185    -0.059331    -0.049053    -0.049719    -0.057717    -0.027862    -0.075245    -0.088234    -0.065713    -0.118364    -0.056564    -0.009014     0.000352
    0.176175     0.212459     0.194800     0.199055     0.202344     0.207867     0.211716    -0.035534    -0.046699    -0.043601    -0.045702    -0.053598    -0.063554    -0.045801    -0.057388     0.005871    -0.032542     0.038548    -0.006987    -0.023195    -0.021670    -0.029177    -0.047386    -0.037002    -0.015699    -0.037067    -0.021141    -0.014694    -0.048574    -0.057609    -0.039369    -0.050142    -0.040509    -0.034513    -0.048405    -0.038188    -0.047710    -0.046716    -0.024453    -0.029305    -0.053760    -0.039095    -0.048682    -0.049071    -0.026988    -0.069775    -0.078909    -0.059697    -0.089727    -0.093337    -0.011038     0.006945
   -0.019643    -0.036040    -0.049724    -0.022925    -0.052129    -0.043043    -0.035534     0.111457     0.116248     0.109710     0.108903     0.110233     0.108823     0.119390     0.107805     0.079352     0.095775     0.060473     0.082767     0.084953     0.083227     0.079959     0.060196     0.088467     0.076753     0.082794     0.082344     0.015560     0.010158     0.020930     0.016297     0.026280     0.020605     0.004351     0.020051     0.025146     0.021899     0.024520     0.016142     0.028763     0.013604     0.056138     0.013262     0.033196     0.018629     0.033557     0.038348     0.038304     0.032713     0.062255     0.038744     0.041207
   -0.032011    -0.043997    -0.053234    -0.032574    -0.064078    -0.054519    -0.046699     0.116248     0.157473     0.132019     0.136994     0.139185     0.135250     0.145701     0.131892     0.091456     0.109947     0.072649     0.095633     0.097178     0.089797     0.087722     0.064803     0.097826     0.087483     0.094747     0.089200     0.015444     0.010257     0.022382     0.010212     0.020203     0.010754    -0.005439     0.011835     0.014678     0.015604     0.021056     0.010900     0.024595     0.011806     0.066270     0.009188     0.036109     0.017364     0.015244     0.004765     0.017222     0.003194     0.038599     0.024459     0.036361
   -0.026570    -0.041775    -0.047942    -0.033474    -0.055868    -0.053942    -0.043601     0.109710     0.132019     0.138570     0.125555     0.127823     0.121217     0.138552     0.121803     0.086678     0.106148     0.066894     0.091173     0.089114     0.086060     0.079107     0.062704     0.088679     0.077271     0.086235     0.083911     0.006785    -0.002449     0.014007     0.002256     0.014173     0.003428    -0.002470     0.004251     0.010723     0.006645     0.016938     0.000941     0.013322    -0.000712     0.053579     0.002950     0.031686     0.005229     0.015393     0.009112     0.024291     0.015907     0.047529     0.040741     0.031211
   -0.030385    -0.045589    -0.051803    -0.034617    -0.058709    -0.056702    -0.045702     0.108903     0.136994     0.125555     0.136242     0.132325     0.125667     0.138448     0.125706     0.084455     0.104330     0.067391     0.091194     0.088006     0.085578     0.079827     0.061910     0.088956     0.078978     0.088060     0.080229     0.012373     0.006021     0.022561     0.009320     0.020219     0.009352    -0.000847     0.010069     0.013319     0.014252     0.020635     0.007289     0.019066     0.009316     0.058846     0.008901     0.033513     0.012830     0.004772    -0.007375     0.015115    -0.007589     0.019170     0.035112     0.030956
   -0.038027    -0.052895    -0.053774    -0.042988    -0.059590    -0.060498    -0.053598     0.110233     0.139185     0.127823     0.132325     0.149098     0.130251     0.135146     0.129260     0.081093     0.103495     0.062287     0.089668     0.092929     0.089010     0.082960     0.059341     0.094868     0.081426     0.095508     0.084826     0.005444    -0.000484     0.013616    -0.000221     0.012293     0.000440    -0.005011    -0.001532     0.004506     0.009273     0.011804    -0.003595     0.011619     0.001917     0.057836     0.001706     0.033080     0.006603     0.015284     0.011218     0.024721     0.002347     0.038036     0.031771     0.039453
   -0.043965    -0.063248    -0.070568    -0.048976    -0.081991    -0.075107    -0.063554     0.108823     0.135250     0.121217     0.125667     0.130251     0.139255     0.130082     0.123695     0.079055     0.099596     0.055816     0.082795     0.092609     0.086814     0.085049     0.069031     0.101744     0.082643     0.092865     0.086685     0.017020     0.021098     0.032800     0.018851     0.030036     0.022223     0.009597     0.021880     0.023946     0.027215     0.029046     0.019020     0.027224     0.023845     0.065830     0.018473     0.044376     0.021355     0.032375     0.028776     0.030404     0.022635     0.062789     0.028688     0.043403
   -0.025740    -0.043461    -0.057038    -0.033422    -0.070723    -0.063887    -0.045801     0.119390     0.145701     0.138552     0.138448     0.135146     0.130082     0.167725     0.131679     0.096920     0.118309     0.079408     0.101983     0.095128     0.093377     0.088415     0.067913     0.093631     0.085509     0.091547     0.089486     0.014072     0.003330     0.021738     0.007242     0.019977     0.010660     0.001547     0.015854     0.016302     0.012779     0.023875     0.006285     0.015383     0.006373     0.059047     0.006618     0.029662     0.010887     0.005227    -0.002963     0.018092     0.004576     0.023683     0.030356     0.042348
   -0.037949    -0.059931    -0.060682    -0.044711    -0.075005    -0.066482    -0.057388     0.107805     0.131892     0.121803     0.125706     0.129260     0.123695     0.131679     0.142841     0.083736     0.104935     0.062605     0.088435     0.095322     0.091177     0.080944     0.066700     0.101777     0.082653     0.094405     0.087010     0.014883     0.010046     0.023158     0.013793     0.023361     0.014799     0.002761     0.015736     0.017717     0.020516     0.023375     0.014355     0.021938     0.013974     0.060160     0.013766     0.036484     0.016892     0.013698     0.014156     0.023756     0.008024     0.029047     0.050054     0.052678
    0.015571     0.005524    -0.009247     0.014516    -0.020850    -0.011051     0.005871     0.079352     0.091456     0.086678     0.084455     0.081093     0.079055     0.096920     0.083736     0.090590     0.085355     0.066968     0.079180     0.067953     0.068097     0.057624     0.043345     0.067176     0.064278     0.060837     0.063485     0.008672    -0.001606     0.009567     0.004630     0.008551     0.006264    -0.006492     0.006888     0.012359     0.002750     0.013364     0.010168     0.015644    -0.000721     0.039815     0.004149     0.017005     0.006421    -0.000169    -0.007295     0.006072    -0.000856     0.017969     0.023605     0.024948
   -0.018560    -0.033923    -0.046034    -0.022081    -0.055695    -0.048871    -0.032542     0.095775     0.109947     0.106148     0.104330     0.103495     0.099596     0.118309     0.104935     0.085355     0.108184     0.065540     0.086446     0.080615     0.081048     0.071562     0.055517     0.081473     0.073063     0.076984     0.073303     0.009938     0.004753     0.019265     0.009351     0.016732     0.011618     0.008059     0.012450     0.015347     0.011307     0.019926     0.009945     0.020576     0.007381     0.048900     0.008007     0.022633     0.010319     0.008964     0.003528     0.018384     0.013253     0.032528     0.032190     0.025311
    0.039880     0.037650     0.026784     0.046196     0.018666     0.032368     0.038548     0.060473     0.072649     0.066894     0.067391     0.062287     0.055816     0.079408     0.062605     0.066968     0.065540     0.083147     0.062698     0.052411     0.049071     0.039068     0.025701     0.046801     0.049465     0.042246     0.046423     0.004449    -0.015029    -0.007819    -0.008884    -0.008337    -0.009907    -0.022183    -0.011344    -0.004244    -0.013718    -0.005079    -0.005636     0.003481    -0.013597     0.023212    -0.012075    -0.005434    -0.005166    -0.024226    -0.033410    -0.012993    -0.025997    -0.019173     0.022329     0.022323
    0.002861    -0.007821    -0.020197    -0.000980    -0.026979    -0.021745    -0.006987     0.082767     0.095633     0.091173     0.091194     0.089668     0.082795     0.101983     0.088435     0.079180     0.086446     0.062698     0.087414     0.069670     0.069506     0.062706     0.044316     0.067640     0.064479     0.069136     0.064505     0.013227    -0.000519     0.014045     0.007632     0.013515     0.007926    -0.001664     0.007059     0.011888     0.010490     0.017174     0.008266     0.018635     0.004420     0.043050     0.005073     0.021430     0.011037     0.000891    -0.007358     0.010884    -0.008062     0.018042     0.031599     0.030782
   -0.010174    -0.025551    -0.033985    -0.011379    -0.044067    -0.034764    -0.023195     0.084953     0.097178     0.089114     0.088006     0.092929     0.092609     0.095128     0.095322     0.067953     0.080615     0.052411     0.069670     0.100628     0.084651     0.077458     0.055837     0.094190     0.084010     0.087637     0.087734     0.018108     0.012408     0.017870     0.012745     0.014821     0.020229     0.008894     0.011805     0.019154     0.019199     0.020098     0.019409     0.025717     0.016384     0.055698     0.006762     0.027259     0.016069     0.023675     0.020244     0.022302     0.016263     0.056833     0.034849     0.043387
   -0.004208    -0.023969    -0.034858    -0.009726    -0.046984    -0.034774    -0.021670     0.083227     0.089797     0.086060     0.085578     0.089010     0.086814     0.093377     0.091177     0.068097     0.081048     0.049071     0.069506     0.084651     0.091897     0.074185     0.057354     0.091718     0.077760     0.082495     0.081023     0.024311     0.019484     0.024272     0.019867     0.024399     0.027778     0.023527     0.023538     0.026779     0.026572     0.026654     0.028561     0.026727     0.021066     0.052426     0.013523     0.032668     0.022139     0.017111     0.016739     0.020232     0.015348     0.037183     0.037412     0.044992
   -0.012489    -0.024698    -0.037408    -0.015268    -0.046847    -0.041940    -0.029177     0.079959     0.087722     0.079107     0.079827     0.082960     0.085049     0.088415     0.080944     0.057624     0.071562     0.039068     0.062706     0.077458     0.074185     0.091834     0.060694     0.092607     0.072326     0.084957     0.079818     0.038866     0.039602     0.045749     0.041481     0.048531     0.051135     0.032096     0.046776     0.047489     0.049062     0.044957     0.044583     0.052044     0.045544     0.066105     0.030622     0.048651     0.042201     0.047377     0.043912     0.043532     0.045741     0.082646     0.044665     0.063006
   -0.030746    -0.043440    -0.060555    -0.035266    -0.069811    -0.059065    -0.047386     0.060196     0.064803     0.062704     0.061910     0.059341     0.069031     0.067913     0.066700     0.043345     0.055517     0.025701     0.044316     0.055837     0.057354     0.060694     0.075199     0.072491     0.051787     0.062528     0.056890     0.062543     0.070122     0.073713     0.072166     0.072519     0.078228     0.063155     0.082086     0.072725     0.070259     0.070889     0.079345     0.074201     0.073853     0.061047     0.062504     0.071340     0.064294     0.059718     0.054146     0.046893     0.058007     0.086768     0.066429     0.070030
   -0.019837    -0.039635    -0.052515    -0.020868    -0.066729    -0.047108    -0.037002     0.088467     0.097826     0.088679     0.088956     0.094868     0.101744     0.093631     0.101777     0.067176     0.081473     0.046801     0.067640     0.094190     0.091718     0.092607     0.072491     0.159541     0.087419     0.098245     0.095617     0.045229     0.048041     0.050659     0.045744     0.048461     0.056708     0.041943     0.050768     0.053308     0.054892     0.047836     0.059723     0.054407     0.051748     0.078886     0.034995     0.059229     0.046096     0.039884     0.050146     0.034175     0.041100     0.074756     0.050348     0.062863
   -0.004311    -0.017541    -0.026807    -0.005336    -0.035544    -0.028761    -0.015699     0.076753     0.087483     0.077271     0.078978     0.081426     0.082643     0.085509     0.082653     0.064278     0.073063     0.049465     0.064479     0.084010     0.077760     0.072326     0.051787     0.087419     0.085103     0.077094     0.079887     0.025531     0.020969     0.023074     0.019897     0.020634     0.027874     0.015846     0.019296     0.025853     0.025500     0.023894     0.026523     0.027919     0.023246     0.054230     0.012697     0.028217     0.020985     0.014829     0.013283     0.014366     0.006093     0.036053     0.032810     0.045480
   -0.018299    -0.034882    -0.045474    -0.023191    -0.053514    -0.052355    -0.037067     0.082794     0.094747     0.086235     0.088060     0.095508     0.092865     0.091547     0.094405     0.060837     0.076984     0.042246     0.069136     0.087637     0.082495     0.084957     0.062528     0.098245     0.077094     0.104009     0.086490     0.036900     0.034219     0.041707     0.034672     0.038939     0.041545     0.033387     0.038270     0.039135     0.046698     0.040898     0.038439     0.046842     0.042295     0.066034     0.026100     0.049245     0.038896     0.032433     0.026513     0.031294     0.024956     0.063068     0.046940     0.065164
   -0.003511    -0.020041    -0.031265    -0.008068    -0.040618    -0.030679    -0.021141     0.082344     0.089200     0.083911     0.080229     0.084826     0.086685     0.089486     0.087010     0.063485     0.073303     0.046423     0.064505     0.087734     0.081023     0.079818     0.056890     0.095617     0.079887     0.086490     0.095575     0.025722     0.019628     0.022875     0.020640     0.025350     0.031542     0.018269     0.023031     0.030620     0.030978     0.027586     0.027102     0.031548     0.024178     0.057886     0.013547     0.035323     0.025054     0.027023     0.030338     0.027400     0.025432     0.061838     0.037016     0.051427
   -0.006922     0.001462    -0.029689    -0.007527    -0.027467    -0.005790    -0.014694     0.015560     0.015444     0.006785     0.012373     0.005444     0.017020     0.014072     0.014883     0.008672     0.009938     0.004449     0.013227     0.018108     0.024311     0.038866     0.062543     0.045229     0.025531     0.036900     0.025722     0.150519     0.141753     0.118481     0.138859     0.122042     0.143526     0.133100     0.157204     0.122892     0.134319     0.110211     0.158612     0.127864     0.141336     0.062838     0.112725     0.102862     0.125235     0.065466     0.063929     0.035736     0.042036     0.081641     0.119059     0.134860
   -0.039338    -0.035485    -0.064939    -0.035061    -0.067112    -0.053630    -0.048574     0.010158     0.010257    -0.002449     0.006021    -0.000484     0.021098     0.003330     0.010046    -0.001606     0.004753    -0.015029    -0.000519     0.012408     0.019484     0.039602     0.070122     0.048041     0.020969     0.034219     0.019628     0.141753     0.185204     0.145239     0.162503     0.144212     0.165958     0.147441     0.190216     0.145035     0.150444     0.133326     0.178456     0.143149     0.173189     0.069899     0.134828     0.118282     0.141093     0.090962     0.079261     0.053168     0.086418     0.100125     0.112252     0.120130
   -0.046481    -0.045714    -0.075074    -0.046416    -0.077868    -0.068825    -0.057609     0.020930     0.022382     0.014007     0.022561     0.013616     0.032800     0.021738     0.023158     0.009567     0.019265    -0.007819     0.014045     0.017870     0.024272     0.045749     0.073713     0.050659     0.023074     0.041707     0.022875     0.118481     0.145239     0.157870     0.147159     0.139489     0.151154     0.126920     0.164862     0.137028     0.137946     0.132009     0.149802     0.140166     0.152574     0.077225     0.128283     0.120474     0.128669     0.089384     0.063780     0.061340     0.080235     0.126398     0.097402     0.102147
   -0.030519    -0.026928    -0.056873    -0.028841    -0.052750    -0.040246    -0.039369     0.016297     0.010212     0.002256     0.009320    -0.000221     0.018851     0.007242     0.013793     0.004630     0.009351    -0.008884     0.007632     0.012745     0.019867     0.041481     0.072166     0.045744     0.019897     0.034672     0.020640     0.138859     0.162503     0.147159     0.168640     0.149366     0.168375     0.139601     0.185372     0.148982     0.150632     0.135821     0.173727     0.152624     0.166079     0.072637     0.136176     0.121638     0.141535     0.096265     0.087552     0.062760     0.087442     0.120963     0.125210     0.124895
   -0.034903    -0.037986    -0.067357    -0.036517    -0.071504    -0.055540    -0.050142     0.026280     0.020203     0.014173     0.020219     0.012293     0.030036     0.019977     0.023361     0.008551     0.016732    -0.008337     0.013515     0.014821     0.024399     0.048531     0.072519     0.048461     0.020634     0.038939     0.025350     0.122042     0.144212     0.139489     0.149366     0.158016     0.154786     0.124770     0.165381     0.139304     0.143648     0.128640     0.152514     0.137601     0.150031     0.071491     0.130763     0.121535     0.128874     0.102523     0.103904     0.075443     0.101723     0.127028     0.113880     0.111508
   -0.028683    -0.027341    -0.061416    -0.029443    -0.054918    -0.042203    -0.040509     0.020605     0.010754     0.003428     0.009352     0.000440     0.022223     0.010660     0.014799     0.006264     0.011618    -0.009907     0.007926     0.020229     0.027778     0.051135     0.078228     0.056708     0.027874     0.041545     0.031542     0.143526     0.165958     0.151154     0.168375     0.154786     0.187526     0.150550     0.189856     0.156084     0.158479     0.141181     0.181073     0.158606     0.171733     0.077896     0.139388     0.125802     0.147406     0.106621     0.105435     0.069643     0.098380     0.142379     0.129022     0.133521
   -0.022575    -0.018076    -0.049884    -0.028467    -0.030166    -0.033236    -0.034513     0.004351    -0.005439    -0.002470    -0.000847    -0.005011     0.009597     0.001547     0.002761    -0.006492     0.008059    -0.022183    -0.001664     0.008894     0.023527     0.032096     0.063155     0.041943     0.015846     0.033387     0.018269     0.133100     0.147441     0.126920     0.139601     0.124770     0.150550     0.201107     0.171720     0.124371     0.144735     0.115024     0.160943     0.122911     0.148241     0.048629     0.113697     0.105137     0.126291     0.055316     0.048998     0.033113     0.040985     0.063939     0.101435     0.095813
   -0.035706    -0.035050    -0.071737    -0.034576    -0.065027    -0.054828    -0.048405     0.020051     0.011835     0.004251     0.010069    -0.001532     0.021880     0.015854     0.015736     0.006888     0.012450    -0.011344     0.007059     0.011805     0.023538     0.046776     0.082086     0.050768     0.019296     0.038270     0.023031     0.157204     0.190216     0.164862     0.185372     0.165381     0.189856     0.171720     0.237232     0.169390     0.173116     0.151306     0.206542     0.167702     0.189284     0.076240     0.150241     0.134823     0.160906     0.104732     0.088050     0.065869     0.092030     0.126845     0.123771     0.129504
   -0.027924    -0.027986    -0.059427    -0.025771    -0.058016    -0.049674    -0.038188     0.025146     0.014678     0.010723     0.013319     0.004506     0.023946     0.016302     0.017717     0.012359     0.015347    -0.004244     0.011888     0.019154     0.026779     0.047489     0.072725     0.053308     0.025853     0.039135     0.030620     0.122892     0.145035     0.137028     0.148982     0.139304     0.156084     0.124371     0.169390     0.154598     0.138187     0.128520     0.155974     0.141107     0.147479     0.073181     0.127520     0.118624     0.128922     0.104442     0.094454     0.076389     0.107993     0.134909     0.115236     0.109748
   -0.035621    -0.034400    -0.067563    -0.036604    -0.061600    -0.051189    -0.047710     0.021899     0.015604     0.006645     0.014252     0.009273     0.027215     0.012779     0.020516     0.002750     0.011307    -0.013718     0.010490     0.019199     0.026572     0.049062     0.070259     0.054892     0.025500     0.046698     0.030978     0.134319     0.150444     0.137946     0.150632     0.143648     0.158479     0.144735     0.173116     0.138187     0.170355     0.123530     0.162216     0.139352     0.156211     0.069853     0.127210     0.119211     0.135810     0.090644     0.088593     0.058518     0.076964     0.119461     0.123827     0.132812
   -0.033852    -0.036147    -0.064809    -0.038675    -0.069686    -0.063656    -0.046716     0.024520     0.021056     0.016938     0.020635     0.011804     0.029046     0.023875     0.023375     0.013364     0.019926    -0.005079     0.017174     0.020098     0.026654     0.044957     0.070889     0.047836     0.023894     0.040898     0.027586     0.110211     0.133326     0.132009     0.135821     0.128640     0.141181     0.115024     0.151306     0.128520     0.123530     0.139663     0.134374     0.130205     0.141234     0.071077     0.119509     0.113869     0.120772     0.086832     0.078644     0.063101     0.089397     0.103615     0.091652     0.099599
   -0.015425    -0.011808    -0.054568    -0.012217    -0.052018    -0.034378    -0.024453     0.016142     0.010900     0.000941     0.007289    -0.003595     0.019020     0.006285     0.014355     0.010168     0.009945    -0.005636     0.008266     0.019409     0.028561     0.044583     0.079345     0.059723     0.026523     0.038439     0.027102     0.158612     0.178456     0.149802     0.173727     0.152514     0.181073     0.160943     0.206542     0.155974     0.162216     0.134374     0.222442     0.161942     0.174877     0.073641     0.137785     0.125584     0.152997     0.098899     0.084156     0.056864     0.072009     0.127963     0.137696     0.141811
   -0.023909    -0.014666    -0.049981    -0.018500    -0.040858    -0.025185    -0.029305     0.028763     0.024595     0.013322     0.019066     0.011619     0.027224     0.015383     0.021938     0.015644     0.020576     0.003481     0.018635     0.025717     0.026727     0.052044     0.074201     0.054407     0.027919     0.046842     0.031548     0.127864     0.143149     0.140166     0.152624     0.137601     0.158606     0.122911     0.167702     0.141107     0.139352     0.130205     0.161942     0.171316     0.153036     0.079972     0.128365     0.118752     0.140332     0.112295     0.100673     0.076603     0.092402     0.171687     0.112961     0.114482
   -0.040642    -0.040956    -0.066961    -0.042971    -0.068591    -0.059331    -0.053760     0.013604     0.011806    -0.000712     0.009316     0.001917     0.023845     0.006373     0.013974    -0.000721     0.007381    -0.013597     0.004420     0.016384     0.021066     0.045544     0.073853     0.051748     0.023246     0.042295     0.024178     0.141336     0.173189     0.152574     0.166079     0.150031     0.171733     0.148241     0.189284     0.147479     0.156211     0.141234     0.174877     0.153036     0.186516     0.075578     0.137754     0.123159     0.146585     0.090332     0.078923     0.052085     0.079604     0.101116     0.105668     0.115451
   -0.028185    -0.034587    -0.049198    -0.028871    -0.057030    -0.049053    -0.039095     0.056138     0.066270     0.053579     0.058846     0.057836     0.065830     0.059047     0.060160     0.039815     0.048900     0.023212     0.043050     0.055698     0.052426     0.066105     0.061047     0.078886     0.054230     0.066034     0.057886     0.062838     0.069899     0.077225     0.072637     0.071491     0.077896     0.048629     0.076240     0.073181     0.069853     0.071077     0.073641     0.079972     0.075578     0.083891     0.061239     0.072849     0.068907     0.060586     0.052247     0.044490     0.052186     0.102407     0.055244     0.073448
   -0.039379    -0.038741    -0.065441    -0.040219    -0.065375    -0.049719    -0.048682     0.013262     0.009188     0.002950     0.008901     0.001706     0.018473     0.006618     0.013766     0.004149     0.008007    -0.012075     0.005073     0.006762     0.013523     0.030622     0.062504     0.034995     0.012697     0.026100     0.013547     0.112725     0.134828     0.128283     0.136176     0.130763     0.139388     0.113697     0.150241     0.127520     0.127210     0.119509     0.137785     0.128365     0.137754     0.061239     0.134263     0.110099     0.117961     0.096638     0.100495     0.067252     0.090268     0.120966     0.098358     0.095614
   -0.037684    -0.036929    -0.062324    -0.040474    -0.068465    -0.057717    -0.049071     0.033196     0.036109     0.031686     0.033513     0.033080     0.044376     0.029662     0.036484     0.017005     0.022633    -0.005434     0.021430     0.027259     0.032668     0.048651     0.071340     0.059229     0.028217     0.049245     0.035323     0.102862     0.118282     0.120474     0.121638     0.121535     0.125802     0.105137     0.134823     0.118624     0.119211     0.113869     0.125584     0.118752     0.123159     0.072849     0.110099     0.132482     0.108781     0.087880     0.078936     0.061994     0.076064     0.122615     0.094743     0.095695
   -0.019135    -0.012978    -0.042322    -0.017779    -0.041923    -0.027862    -0.026988     0.018629     0.017364     0.005229     0.012830     0.006603     0.021355     0.010887     0.016892     0.006421     0.010319    -0.005166     0.011037     0.016069     0.022139     0.042201     0.064294     0.046096     0.020985     0.038896     0.025054     0.125235     0.141093     0.128669     0.141535     0.128874     0.147406     0.126291     0.160906     0.128922     0.135810     0.120772     0.152997     0.140332     0.146585     0.068907     0.117961     0.108781     0.145466     0.091260     0.088812     0.057556     0.071042     0.127229     0.091654     0.106553
   -0.065064    -0.070717    -0.099006    -0.058153    -0.101167    -0.075245    -0.069775     0.033557     0.015244     0.015393     0.004772     0.015284     0.032375     0.005227     0.013698    -0.000169     0.008964    -0.024226     0.000891     0.023675     0.017111     0.047377     0.059718     0.039884     0.014829     0.032433     0.027023     0.065466     0.090962     0.089384     0.096265     0.102523     0.106621     0.055316     0.104732     0.104442     0.090644     0.086832     0.098899     0.112295     0.090332     0.060586     0.096638     0.087880     0.091260     0.269582     0.298952     0.203522     0.257267     0.372636     0.066875     0.074510
   -0.066598    -0.086662    -0.112844    -0.066615    -0.112335    -0.088234    -0.078909     0.038348     0.004765     0.009112    -0.007375     0.011218     0.028776    -0.002963     0.014156    -0.007295     0.003528    -0.033410    -0.007358     0.020244     0.016739     0.043912     0.054146     0.050146     0.013283     0.026513     0.030338     0.063929     0.079261     0.063780     0.087552     0.103904     0.105435     0.048998     0.088050     0.094454     0.088593     0.078644     0.084156     0.100673     0.078923     0.052247     0.100495     0.078936     0.088812     0.298952     0.461646     0.230830     0.298027     0.417928     0.053013     0.083357
   -0.054197    -0.060745    -0.083817    -0.049349    -0.075299    -0.065713    -0.059697     0.038304     0.017222     0.024291     0.015115     0.024721     0.030404     0.018092     0.023756     0.006072     0.018384    -0.012993     0.010884     0.022302     0.020232     0.043532     0.046893     0.034175     0.014366     0.031294     0.027400     0.035736     0.053168     0.061340     0.062760     0.075443     0.069643     0.033113     0.065869     0.076389     0.058518     0.063101     0.056864     0.076603     0.052085     0.044490     0.067252     0.061994     0.057556     0.203522     0.230830     0.193714     0.216956     0.283146     0.066077     0.066095
   -0.073178    -0.090127    -0.113261    -0.068725    -0.136625    -0.118364    -0.089727     0.032713     0.003194     0.015907    -0.007589     0.002347     0.022635     0.004576     0.008024    -0.000856     0.013253    -0.025997    -0.008062     0.016263     0.015348     0.045741     0.058007     0.041100     0.006093     0.024956     0.025432     0.042036     0.086418     0.080235     0.087442     0.101723     0.098380     0.040985     0.092030     0.107993     0.076964     0.089397     0.072009     0.092402     0.079604     0.052186     0.090268     0.076064     0.071042     0.257267     0.298027     0.216956     0.384833     0.366483     0.096380     0.092333
   -0.090283    -0.082142    -0.117922    -0.075712    -0.114731    -0.056564    -0.093337     0.062255     0.038599     0.047529     0.019170     0.038036     0.062789     0.023683     0.029047     0.017969     0.032528    -0.019173     0.018042     0.056833     0.037183     0.082646     0.086768     0.074756     0.036053     0.063068     0.061838     0.081641     0.100125     0.126398     0.120963     0.127028     0.142379     0.063939     0.126845     0.134909     0.119461     0.103615     0.127963     0.171687     0.101116     0.102407     0.120966     0.122615     0.127229     0.372636     0.417928     0.283146     0.366483     0.741579     0.105234     0.130694
   -0.006365     0.003549    -0.029126    -0.008113    -0.008248    -0.009014    -0.011038     0.038744     0.024459     0.040741     0.035112     0.031771     0.028688     0.030356     0.050054     0.023605     0.032190     0.022329     0.031599     0.034849     0.037412     0.044665     0.066429     0.050348     0.032810     0.046940     0.037016     0.119059     0.112252     0.097402     0.125210     0.113880     0.129022     0.101435     0.123771     0.115236     0.123827     0.091652     0.137696     0.112961     0.105668     0.055244     0.098358     0.094743     0.091654     0.066875     0.053013     0.066077     0.096380     0.105234     0.363989     0.287673
    0.017959     0.033127    -0.009200     0.012408    -0.018925     0.000352     0.006945     0.041207     0.036361     0.031211     0.030956     0.039453     0.043403     0.042348     0.052678     0.024948     0.025311     0.022323     0.030782     0.043387     0.044992     0.063006     0.070030     0.062863     0.045480     0.065164     0.051427     0.134860     0.120130     0.102147     0.124895     0.111508     0.133521     0.095813     0.129504     0.109748     0.132812     0.099599     0.141811     0.114482     0.115451     0.073448     0.095614     0.095695     0.106553     0.074510     0.083357     0.066095     0.092333     0.130694     0.287673     0.449908
