16
UrsusArctos_Margo       0.0000000 0.2043796 0.3492140 0.3806050 0.3071945 0.3183345 0.4164863 0.3820013 0.2912815 0.3270514 0.4260844 0.3558889 0.2253658 0.1156105 0.1234323 0.1631176 
UrsusArctos_Adelaide    0.2043796 0.0000000 0.3468284 0.3566966 0.3271455 0.3076039 0.4188003 0.3835137 0.3432720 0.4303883 0.3634695 0.4595084 0.2751339 0.0710529 0.1923732 0.1761329 
UrsusAmericanus_Noah    0.3492140 0.3468284 0.0000000 0.1730833 0.3814312 0.3560144 0.4017760 0.3714989 0.1367452 0.4251941 0.3972361 0.2568075 0.2906425 0.2661056 0.2927153 0.2145681 
UrsusAmericanus_Montana 0.3806050 0.3566966 0.1730833 0.0000000 0.3972590 0.3784408 0.4097080 0.3511858 0.1035096 0.4153164 0.4170802 0.1353971 0.3234348 0.2342533 0.2854454 0.2606978 
UrsusMaritimus_Maria    0.3071945 0.3271455 0.3814312 0.3972590 0.0000000 0.1590025 0.4658028 0.4245370 0.3871630 0.4529341 0.4309614 0.4346534 0.1051200 0.1550759 0.2413301 0.0834343 
UrsusMaritimus_Maripepa 0.3183345 0.3076039 0.3560144 0.3784408 0.1590025 0.0000000 0.4418939 0.4168053 0.3810961 0.4805683 0.4448969 0.4587239 0.1123183 0.1646012 0.2497614 0.0967559 
Ailuropoda_Siro         0.4164863 0.4188003 0.4017760 0.4097080 0.4658028 0.4418939 0.0000000 0.1670775 0.3796703 0.1759087 0.1515465 0.4580525 0.3429015 0.1889527 0.3478178 0.2413265 
Ailuropoda_Pepe         0.3820013 0.3835137 0.3714989 0.3511858 0.4245370 0.4168053 0.1670775 0.0000000 0.3205796 0.1943629 0.1435697 0.3766000 0.3365221 0.2439740 0.3176209 0.2180003 
UrsusAmericanus_Oskar   0.2912815 0.3432720 0.1367452 0.1035096 0.3871630 0.3810961 0.3796703 0.3205796 0.0000000 0.3311305 0.2388459 0.0914854 0.2947329 0.1454154 0.2788039 0.2453364 
Ailuropoda_Juan         0.3270514 0.4303883 0.4251941 0.4153164 0.4529341 0.4805683 0.1759087 0.1943629 0.3311305 0.0000000 0.1648910 0.3845552 0.3486915 0.2299260 0.3695780 0.2312661 
Ailuropoda_Luisa        0.4260844 0.3634695 0.3972361 0.4170802 0.4309614 0.4448969 0.1515465 0.1435697 0.2388459 0.1648910 0.0000000 0.2111815 0.2968684 0.1508644 0.3581040 0.1274730 
UrsusAmericanus_Summer  0.3558889 0.4595084 0.2568075 0.1353971 0.4346534 0.4587239 0.4580525 0.3766000 0.0914854 0.3845552 0.2111815 0.0000000 0.3502620 0.2076771 0.3151359 0.3261664 
UrsusMaritimus_Margaret 0.2253658 0.2751339 0.2906425 0.3234348 0.1051200 0.1123183 0.3429015 0.3365221 0.2947329 0.3486915 0.2968684 0.3502620 0.0000000 0.1636960 0.1965622 0.0199156 
UrsusArctos_Amparo      0.1156105 0.0710529 0.2661056 0.2342533 0.1550759 0.1646012 0.1889527 0.2439740 0.1454154 0.2299260 0.1508644 0.2076771 0.1636960 0.0000000 0.1219556 0.0803159 
UrsusArctos_Paco        0.1234323 0.1923732 0.2927153 0.2854454 0.2413301 0.2497614 0.3478178 0.3176209 0.2788039 0.3695780 0.3581040 0.3151359 0.1965622 0.1219556 0.0000000 0.1608305 
UrsusMaritimus_Joseph   0.1631176 0.1761329 0.2145681 0.2606978 0.0834343 0.0967559 0.2413265 0.2180003 0.2453364 0.2312661 0.1274730 0.3261664 0.0199156 0.0803159 0.1608305 0.0000000 
